+PART[FSpropellerFolding]
{
	@name = BMWIIIa
	@title = AJE BMW IIIa
	@description = WWI-era supercharged water-cooled straight six inline engine, rated at 230HP to 2km.
	@mass = 0.285
	%rescaleFactor = 1.05
	%CoMOffset = 0, -0.3, 0
	!MODULE[AJEPropeller]
	{
	}
	MODULE
	{
		name = AJEPropeller
		useOxygen = True
		
		omega0 = 1400 // 1400 RPM
		exhaustThrust = 0
		
		displacement = 1164
		compression = 6.4
		omega = 1400 // 1400 RPM
		power = 232
		gearratio = 1
		BSFC = 7.000E-8
		coolerEffic = 0
		coolerMin = -200
		ramAir = 0
		boost0 = 29.921
		rated0 = 2000
		boost1 = 0
		rated1 = 0
		cost1 = 0
		switchAlt = 40000
		wastegateMP = 29.921
		
		PROPELLER
		{
			ixx = 18.0 // Dr. I was 14.7913
			diameter = 9.0 // Dr. I was 8.5
			numblades = 2
			
			maxpitch = 30 // I forget exactly, but since they're equal they're never used.
			minpitch = 30
			
			ct_factor = 1.0
			cp_factor = 1.0
			
			cThrustFP
			{
				key =	0.00	0.068859
				key =	0.10	0.073298
				key =	0.20	0.073756
				key =	0.30	0.072814
				key =	0.40	0.071237
				key =	0.50	0.069318
				key =	0.60	0.067693
				key =	0.70	0.067243
				key =	0.80	0.067742
				key =	0.90	0.065086
				key =	1.00	0.060402
				key =	1.10	0.050696
				key =	1.20	0.038775
				key =	1.30	0.026630
				key =	1.32	0.024174
				key =	1.34	0.021711
				key =	1.36	0.019236
				key =	1.38	0.016754
				key =	1.40	0.014264
				key =	1.42	0.011765
				key =	1.44	0.009257
				key =	1.46	0.006727
				key =	1.48	0.004182
				key =	1.50	0.001634
				key =	1.52	-0.000919
			}
			cPowerFP
			{
				key =	0.00	0.074862
				key =	0.10	0.084784
				key =	0.20	0.081415
				key =	0.30	0.079246
				key =	0.40	0.076760
				key =	0.50	0.074810
				key =	0.60	0.073155
				key =	0.70	0.072521
				key =	0.80	0.072807
				key =	0.90	0.072948
				key =	1.00	0.071388
				key =	1.10	0.064260
				key =	1.20	0.053052
				key =	1.30	0.039761
				key =	1.32	0.036846
				key =	1.34	0.033848
				key =	1.36	0.030759
				key =	1.38	0.027584
				key =	1.40	0.024322
				key =	1.42	0.020971
				key =	1.44	0.017532
				key =	1.46	0.013984
				key =	1.48	0.010335
				key =	1.50	0.006603
				key =	1.52	0.002785
			}
			CtMach
			{
				key = 0.84 1.0 0.0 0.0
				key = 0.85 1.0 0.0 0.0
				key = 1.05 0.8 0.0 0.0
				key = 1.06 0.8 0.0 0.0
			}
			CpMach
			{
				key = 0.84 1.0 0.0 0.0
				key = 0.85 1.0 0.0 0.0
				key = 1.05 1.8 0.0 0.0
				key = 2.00 1.4 0.0 0.0
				key = 2.01 1.4 0.0 0.0
			}
		}
	}
	@MODULE[FSengineSounds]
	{
		%engage = Firespitter/Sounds/sound_fspropstart
		//running =
		%power = Firespitter/Sounds/sound_fspropidle
		//disengage =
		//flameout =
		//warning = Firespitter/Sounds/sound_fsheatDing
		%powerPitchBase = 1.0
		%thrustAddedToPitch = 0.0
		%powerFadeInSpeed = 0.005
		%powerFadeInDelay = 0.5
		%powerLowerThreshold = 0.0
		%powerVolume = 1.0
		%engageVolume = 1.0
		%warningSoundThreshold = 0.8
		%warningCooldownTime = 2.0
		%randomStartDelay = 1.0 //for playing engines slightly out of sync
	}
	@MODULE[ModuleEngines*]
	{
		@maxThrust = 6.0
		@PROPELLANT[ElectricCharge]
		{
			@name = Kerosene
		}
		!PROPELLANT[FSCoolant] {}
	}
	!MODULE[FSpropellerAtmosphericNerf] {}
	
	!RESOURCE[FSCoolant] {}
	
	@MODULE[FSanimateGeneric]
	{
		@startDeployedString = Start Deployed?
		@startDeployed = False // deployed is actually retracted in this case
		@availableInEVA = False
	}
}